from DRCF import *

root = '0000cba987654321'
leaf = '123456789abc0000'
res = [[7, 3], [11, 7], [15, 11], [3, 2], [7, 3], [11, 7], [2, 1], [3, 2], [7, 3], [1, 0], [2, 1], 
[3, 2], [6, 7], [5, 6], [1, 5], [2, 1], [6, 2], [5, 6], [4, 5], [0, 4], [1, 0], [5, 1], [9, 5], 
[8, 9], [12, 8], [7, 3], [6, 7], [5, 6], [4, 5], [8, 4], [9, 8], [5, 9], [4, 5], [7, 11], [3, 7], 
[2, 3], [1, 2], [5, 1], [6, 5], [2, 6], [1, 2], [11, 15], [7, 11], [3, 7], [2, 3], [6, 2], [10, 6], 
[14, 10], [2, 1], [6, 2], [10, 6], [5, 4], [1, 5], [2, 1], [6, 2], [5, 6], [1, 5], [2, 1], [6, 2], 
[5, 6], [4, 5], [8, 4], [9, 8], [5, 9], [4, 5], [6, 10], [5, 6], [10, 14], [11, 10], [7, 11], 
[6, 7], [9, 5], [13, 9], [5, 4], [9, 5], [5, 6], [6, 5], [2, 6], [10, 9], [6, 10], [5, 6], 
[6, 2], [14, 13], [15, 14], [11, 15], [10, 11], [14, 10], [10, 6], [6, 5], [5, 6], [4, 5], 
[9, 10], [5, 9], [6, 5], [5, 4], [9, 5], [13, 9], [5, 6], [9, 5], [10, 9], [15, 14], [14, 10]]