def manual_info():
    global root,leaf,ress
    root = [
    [4, 1, 5, 3, 2, 0], 
    [5, 0, 3, 0, 4, 0, 0, 2, 1, 0, 0, 0, 0, 0], 
    [6, 7, 1, 3, 4, 8, 9, 5, 2]+[1], 
    [3, 0, 13, 5, 9, 14, 12, 10, 0, 0, 0, 0, 7, 1, 11, 8, 6, 0, 0, 0, 0, 0, 0, 4, 2, 0, 0]+[0,0]
    ]
    leaf =  [
    [0, 0, 0, 0, 0, 0], 
    [0, 0, 0, 0, 0, 0, 0, 0, 0, 0, 0, 0, 0, 0], 
    [0, 0, 0, 0, 0, 0, 0, 0, 0], 
    [5, 13, 7, 11, 6,0,4,14,0,3,2,0,8,10,0,0,0,0,9,12,0,1,0,0,0,0,0]
    ]
    for i in range(4):
        write(100+(100*i),root[i],b=False)
        if i == 2:
            write(309,1,b=False)
        if i == 3:
            write([427,leaf[3]],[454,[0,0]],b=False)
    ress = [
    [[4, 1, 2, -1], [2, 1, 5, -1], [2, 0, 2, -1], [3, 4, 3], [1, 1, 1, -1], [1, 0, 5, -1], [4, 3, 3], [2, 5, 2], [0, 1, 4, -1], [0, 0, 1, -1], [5, 2, 2], [3, 4, 3], [1, 1, 5, -1], [1, 0, 4, -1], [3, 0, 5, -1]],
    [[2, 3, 3], [8, 2, 1], [2, 1, 1, -1], [1, 2, 1, 7, 8, 2], [8, 9, 2], [0, 0, 1, 1], [3, 1, 3, -1], [1, 2, 2, 9, 10, 2], [10, 9, 2], [9, 1, 2], [4, 5, 4], [3, 4, 3, -1, -1, -1], [2, 0, 3, 3], [5, 1, 4, -1], [4, 5, 4, -1, -1, -1], [3, 0, 4, 4]],
    [[2, 1, 7, 1], [3, 0, 6, 3], [1, 0, 3, 1], [8, 5, 8, 2], [5, 4, 4, 2], [4, 1, 3, 2], [5, 4, 3, 4], [5, 2, 7, 3], [4, 3, 6, 4], [6, 3, 4, 9], [5, 4, 6, 7], [6, 3, 9, 4], [4, 3, 4, 7], [6, 3, 7, 9], [4, 3, 9, 4], [7, 4, 9, 5], [8, 7, 9, 8]],
    #[[12, 9, 7], [9, 1, 7], [0, 10, 3], [3, 0, 5], [10, 9, 3], [1, 18, 7], [2, 1, 13], [18, 10, 7], [10, 2, 7], [23, 8, 4], [13, 3, 1], [4, 10, 9], [14, 4, 11], [3, 18, 1], [4, 3, 11], [16, 4, 6], [7, 13, 10], [8, 7, 4], [24, 12, 2], [15, 21, 8], [6, 16, 12], [16, 8, 12], [7, 6, 4], [8, 7, 12], [5, 8, 14], [7, 15, 12], [8, 7, 14], [18, 19, 1], [21, 18, 8], [13, 5, 10], [12, 13, 2], [19, 11, 1], [10, 20, 9], [13, 10, 2], [18, 12, 8], [5, 13, 10], [15, 16, 12], [20, 19, 9], [11, 5, 1], [19, 18, 9], [5, 22, 1], [22, 21, 1], [16, 22, 12], [22, 19, 12]]
    [[23, 22, 4], [22, 1, 4], [24, 25, 2], [25, 8, 2], [12, 9, 7], [13, 10, 1], [14, 11, 11], [15, 12, 8], [16, 13, 6], [9, 19, 7], [0, 21, 3], [21, 15, 3], [12, 22, 8], [3, 0, 5], [15, 3, 3], [3, 9, 3], [22, 16, 8], [13, 14, 6], [4, 3, 9], [3, 18, 9], [14, 4, 6], [4, 3, 6], [5, 4, 14], [16, 15, 8], [8, 16, 2], [19, 13, 7], [13, 12, 7], [10, 13, 1], [1, 22, 4], [22, 21, 4], [11, 1, 11], [1, 22, 11], [2, 1, 13], [22, 25, 11], [21, 24, 4], [12, 22, 7], [22, 10, 7], [10, 2, 7], [3, 22, 6], [22, 10, 6], [25, 22, 11], [22, 3, 11], [13, 12, 1], [4, 21, 14], [10, 4, 6], [21, 13, 14], [12, 22, 1], [24, 25, 4], [15, 12, 8], [6, 21, 12], [25, 6, 4], [16,15, 2], [21, 24, 12], [22, 21, 1], [7, 22, 10], [22, 10, 10], [13, 7, 14], [10, 11, 10], [24, 16, 12], [15, 25, 2], [25, 13, 2], [13, 10, 2], [11, 19, 10], [19, 13, 10], [16, 22, 12], [22, 19, 12]]
    ]
#manual_info()       # manual info ***
