
Type = 0
root = '652x41300'
leaf = '301x24506'
 
[[4, 7], [1, 4], [0, 1], [5, 8], [6, 5], [7, 6], [4, 7], [5, 4], [2, 5], [1, 2], [4, 1], 
[1, 0], [7, 4], [4, 1], [5, 4], [2, 5], [8, 7], [5, 8], [1, 2], [4, 1], [7, 4], [2, 5], 
[6, 7], [5, 6], [4, 5], [5, 2], [7, 4], [4, 5], [1, 4]]


Type = 1
root = '13524x006'+'13524x006'
leaf = '02316x450'+'05643x120'
[[13, 7], [10, 13], [13, 16], [12, 13], [9, 12], [1, 9], [13, 1], [12, 6], [11, 10], 
[10, 13], [2, 10], [13, 12], [10, 13], [9, 10], [10, 2], [12, 9], [13, 10], [3, 13], 
[6, 3], [16, 6], [10, 11], [13, 10], [4, 12], [17, 16], [16, 4], [6, 16], [12, 6], 
[9, 12], [16, 13], [12, 15], [7, 17], [15, 7], [0, 12], [13, 16], [10, 13], [11, 10], 
[10, 0], [12, 9], [9, 10], [16, 15], [15, 12], [12, 9], [17, 16], [16, 15], [15, 12], 
[8, 16], [16, 15], [13, 16], [16, 8], [10, 13], [9, 10], [13, 16], [12, 13], [15, 12], 
[12, 9], [13, 12], [10, 13], [9, 10], [10, 11], [16, 15], [0, 10], [8, 16]]

Type = 2
root = '451203x662041053'
leaf = '150615x642034203'
[[0, 4], [1, 0], [2, 1], [3, 2], [7, 3], [9, 10], [8, 9], [14, 13], [10, 14], [9, 10], 
[13, 9], [14, 13], [15, 14], [11, 15], [10, 11], [11, 7], [9, 8], [5, 9], [14, 10], 
[10, 11], [15, 14], [9, 10], [13, 9], [14, 13], [10, 14], [14, 15], [4, 5], [0, 4], 
[1, 0], [9, 10], [5, 9], [9, 5], [8, 9], [12, 8], [13, 12], [2, 1], [9, 13], [5, 9], 
[1, 5], [5, 1], [9, 5], [10, 9], [13, 14], [9, 13], [5, 9], [1, 5], [9, 10], [5, 9], 
[4, 5], [5, 1], [1, 2], [8, 4], [4, 5], [5, 1], [9, 5], [10, 9], [9, 8], [8, 4], [14, 10], 
[10, 9], [9, 8], [5, 9], [1, 5], [2, 1], [9, 10], [8, 9], [4, 8], [5, 4], [9, 5], [10, 9]]

res = main(Type,root,leaf)